{
    "sfm_data_version": "0.3",
    "root_path": "/home/edge/3d-reconstruction/data/collect/00000",
    "views": [
        {
            "key": 0,
            "value": {
                "polymorphic_id": 1073741824,
                "ptr_wrapper": {
                    "id": 2147483649,
                    "data": {
                        "local_path": "",
                        "filename": "000.png",
                        "width": 1920,
                        "height": 1080,
                        "id_view": 0,
                        "id_intrinsic": 0,
                        "id_pose": 0
                    }
                }
            }
        },
        {
            "key": 1,
            "value": {
                "polymorphic_id": 1073741824,
                "ptr_wrapper": {
                    "id": 2147483650,
                    "data": {
                        "local_path": "",
                        "filename": "001.png",
                        "width": 1920,
                        "height": 1080,
                        "id_view": 1,
                        "id_intrinsic": 0,
                        "id_pose": 1
                    }
                }
            }
        },
        {
            "key": 2,
            "value": {
                "polymorphic_id": 1073741824,
                "ptr_wrapper": {
                    "id": 2147483651,
                    "data": {
                        "local_path": "",
                        "filename": "002.png",
                        "width": 1920,
                        "height": 1080,
                        "id_view": 2,
                        "id_intrinsic": 0,
                        "id_pose": 2
                    }
                }
            }
        },
        {
            "key": 3,
            "value": {
                "polymorphic_id": 1073741824,
                "ptr_wrapper": {
                    "id": 2147483652,
                    "data": {
                        "local_path": "",
                        "filename": "003.png",
                        "width": 1920,
                        "height": 1080,
                        "id_view": 3,
                        "id_intrinsic": 0,
                        "id_pose": 3
                    }
                }
            }
        },
        {
            "key": 4,
            "value": {
                "polymorphic_id": 1073741824,
                "ptr_wrapper": {
                    "id": 2147483653,
                    "data": {
                        "local_path": "",
                        "filename": "004.png",
                        "width": 1920,
                        "height": 1080,
                        "id_view": 4,
                        "id_intrinsic": 0,
                        "id_pose": 4
                    }
                }
            }
        },
        {
            "key": 5,
            "value": {
                "polymorphic_id": 1073741824,
                "ptr_wrapper": {
                    "id": 2147483654,
                    "data": {
                        "local_path": "",
                        "filename": "005.png",
                        "width": 1920,
                        "height": 1080,
                        "id_view": 5,
                        "id_intrinsic": 0,
                        "id_pose": 5
                    }
                }
            }
        },
        {
            "key": 6,
            "value": {
                "polymorphic_id": 1073741824,
                "ptr_wrapper": {
                    "id": 2147483655,
                    "data": {
                        "local_path": "",
                        "filename": "006.png",
                        "width": 1920,
                        "height": 1080,
                        "id_view": 6,
                        "id_intrinsic": 0,
                        "id_pose": 6
                    }
                }
            }
        }
    ],
    "intrinsics": [
        {
            "key": 0,
            "value": {
                "polymorphic_id": 2147483649,
                "polymorphic_name": "pinhole_radial_k3",
                "ptr_wrapper": {
                    "id": 2147483656,
                    "data": {
                        "width": 1920,
                        "height": 1080,
                        "focal_length": 1719.7149990133415,
                        "principal_point": [
                            937.7951606151249,
                            550.2183173432093
                        ],
                        "disto_k3": [
                            -0.22012463848193118,
                            0.2721659929712592,
                            -0.03824374956472778
                        ]
                    }
                }
            }
        }
    ],
    "extrinsics": [
        {
            "key": 0,
            "value": {
                "rotation": [
                    [
                        0.9385631011639839,
                        0.019168331271626546,
                        0.3445749268442301
                    ],
                    [
                        -0.010395094037743592,
                        0.999573487863469,
                        -0.027290737996724189
                    ],
                    [
                        -0.3449510793625551,
                        0.022032190919664835,
                        0.9383620492165525
                    ]
                ],
                "center": [
                    0.27129032885555479,
                    -0.013122462079665729,
                    0.05411556180162064
                ]
            }
        },
        {
            "key": 1,
            "value": {
                "rotation": [
                    [
                        0.9997767491107161,
                        -0.005711944662360568,
                        0.02034270448544735
                    ],
                    [
                        0.005655973088504255,
                        0.9999800626185578,
                        0.002807905590893378
                    ],
                    [
                        -0.02035833750654077,
                        -0.002692220934356106,
                        0.9997891227856054
                    ]
                ],
                "center": [
                    0.011677399551065724,
                    0.008098719204974766,
                    0.005850140781214898
                ]
            }
        },
        {
            "key": 2,
            "value": {
                "rotation": [
                    [
                        0.9698400157443721,
                        0.05215814392002158,
                        -0.23809635000094912
                    ],
                    [
                        -0.04133157804997266,
                        0.9978814371172484,
                        0.0502427916492902
                    ],
                    [
                        0.2402124986691058,
                        -0.03888657197071095,
                        0.9699411270811809
                    ]
                ],
                "center": [
                    -0.22510758246038838,
                    0.02480182547716157,
                    0.011449991480241118
                ]
            }
        },
        {
            "key": 3,
            "value": {
                "rotation": [
                    [
                        0.869135092656025,
                        0.03749849354749064,
                        -0.4931511469067793
                    ],
                    [
                        -0.040110564729010988,
                        0.9991812706426386,
                        0.005284978153411242
                    ],
                    [
                        0.49294556830437466,
                        0.01518721102214023,
                        0.8699275919928314
                    ]
                ],
                "center": [
                    -0.41975208278813566,
                    -0.0035283679605371666,
                    0.11566395301425883
                ]
            }
        },
        {
            "key": 4,
            "value": {
                "rotation": [
                    [
                        0.7131989291547383,
                        0.03471630435398387,
                        -0.7001014681205403
                    ],
                    [
                        0.0039041153856820486,
                        0.9985605759460827,
                        0.05349330845332624
                    ],
                    [
                        0.7009508152043121,
                        -0.040884647219084389,
                        0.7120367970029226
                    ]
                ],
                "center": [
                    -0.6104211033889933,
                    0.019423676750090304,
                    0.23200915375158669
                ]
            }
        },
        {
            "key": 5,
            "value": {
                "rotation": [
                    [
                        0.5599780398734456,
                        0.023066409375794504,
                        -0.8281862928218517
                    ],
                    [
                        0.0017659329469087108,
                        0.9995768656216375,
                        0.029033966226645157
                    ],
                    [
                        0.8285055680804569,
                        -0.017720904958020868,
                        0.5597003601813635
                    ]
                ],
                "center": [
                    -0.7160288580882899,
                    0.015070391856050764,
                    0.45503084843391858
                ]
            }
        },
        {
            "key": 6,
            "value": {
                "rotation": [
                    [
                        0.19075563701991217,
                        0.06121424877268077,
                        -0.9797270552007451
                    ],
                    [
                        -0.0939151054090665,
                        0.9946136712609454,
                        0.0438588408057933
                    ],
                    [
                        0.9771347091988552,
                        0.08364484854442828,
                        0.1954771070761183
                    ]
                ],
                "center": [
                    -0.7615127199236382,
                    -0.04716715121104643,
                    0.6949668986832877
                ]
            }
        }
    ],
    "structure": [],
    "control_points": []
}