{
    "sfm_data_version": "0.3",
    "root_path": "/home/edge/dist/a_new_project/data/collect/245",
    "views": [
        {
            "key": 0,
            "value": {
                "polymorphic_id": 1073741824,
                "ptr_wrapper": {
                    "id": 2147483649,
                    "data": {
                        "local_path": "",
                        "filename": "0.jpg",
                        "width": 1920,
                        "height": 1080,
                        "id_view": 0,
                        "id_intrinsic": 0,
                        "id_pose": 0
                    }
                }
            }
        },
        {
            "key": 1,
            "value": {
                "polymorphic_id": 1073741824,
                "ptr_wrapper": {
                    "id": 2147483650,
                    "data": {
                        "local_path": "",
                        "filename": "1.jpg",
                        "width": 1920,
                        "height": 1080,
                        "id_view": 1,
                        "id_intrinsic": 0,
                        "id_pose": 1
                    }
                }
            }
        },
        {
            "key": 2,
            "value": {
                "polymorphic_id": 1073741824,
                "ptr_wrapper": {
                    "id": 2147483651,
                    "data": {
                        "local_path": "",
                        "filename": "2.jpg",
                        "width": 1920,
                        "height": 1080,
                        "id_view": 2,
                        "id_intrinsic": 0,
                        "id_pose": 2
                    }
                }
            }
        },
        {
            "key": 3,
            "value": {
                "polymorphic_id": 1073741824,
                "ptr_wrapper": {
                    "id": 2147483652,
                    "data": {
                        "local_path": "",
                        "filename": "3.jpg",
                        "width": 1920,
                        "height": 1080,
                        "id_view": 3,
                        "id_intrinsic": 0,
                        "id_pose": 3
                    }
                }
            }
        },
        {
            "key": 4,
            "value": {
                "polymorphic_id": 1073741824,
                "ptr_wrapper": {
                    "id": 2147483653,
                    "data": {
                        "local_path": "",
                        "filename": "4.jpg",
                        "width": 1920,
                        "height": 1080,
                        "id_view": 4,
                        "id_intrinsic": 0,
                        "id_pose": 4
                    }
                }
            }
        }
    ],
    "intrinsics": [
        {
            "key": 0,
            "value": {
                "polymorphic_id": 2147483649,
                "polymorphic_name": "pinhole_radial_k3",
                "ptr_wrapper": {
                    "id": 2147483654,
                    "data": {
                        "width": 1920,
                        "height": 1080,
                        "focal_length": 2600.2429848099407,
                        "principal_point": [
                            1006.7495251592154,
                            587.4608061256939
                        ],
                        "disto_k3": [
                            0.06339400904757,
                            0.3312862314608419,
                            -1.739563957256792
                        ]
                    }
                }
            }
        }
    ],
    "extrinsics": [
        {
            "key": 0,
            "value": {
                "rotation": [
                    [
                        0.99942432378512,
                        0.008983461588136875,
                        -0.032715721672462127
                    ],
                    [
                        -0.009149753479894536,
                        0.9999459536770824,
                        -0.0049367738541778549
                    ],
                    [
                        0.032669604189715806,
                        0.005233272659111652,
                        0.9994525050343126
                    ]
                ],
                "center": [
                    -0.03768444327798911,
                    0.012092237451677089,
                    -0.1133955294771105
                ]
            }
        },
        {
            "key": 1,
            "value": {
                "rotation": [
                    [
                        0.9954189881542377,
                        0.018225723526262374,
                        0.09385553272949796
                    ],
                    [
                        -0.016583489948356814,
                        0.9996959557657131,
                        -0.01824784608687128
                    ],
                    [
                        -0.09415957669364474,
                        0.016607800204170365,
                        0.9954185828530889
                    ]
                ],
                "center": [
                    0.186211028036339,
                    0.014326220204225788,
                    -0.2719039183218225
                ]
            }
        },
        {
            "key": 2,
            "value": {
                "rotation": [
                    [
                        0.9908331387873562,
                        0.04678004188392594,
                        0.1267332583110442
                    ],
                    [
                        -0.044435329142330278,
                        0.9987858690575692,
                        -0.021267094181600399
                    ],
                    [
                        -0.12757426309725837,
                        0.015440707634510236,
                        0.9917088241731729
                    ]
                ],
                "center": [
                    0.4247985728606092,
                    0.0025127286006231869,
                    -0.23972120568932829
                ]
            }
        },
        {
            "key": 3,
            "value": {
                "rotation": [
                    [
                        0.9409602782835498,
                        -0.0005907785825484056,
                        0.3385164776982222
                    ],
                    [
                        0.00808572059021056,
                        0.999752397351293,
                        -0.020730776948285166
                    ],
                    [
                        -0.3384204128226925,
                        0.022243987300142676,
                        0.9407320708968678
                    ]
                ],
                "center": [
                    0.7977810084103338,
                    0.009698043991790941,
                    -0.26761539592401659
                ]
            }
        },
        {
            "key": 4,
            "value": {
                "rotation": [
                    [
                        0.8679532584564245,
                        0.017417432506344738,
                        0.4963403813712544
                    ],
                    [
                        -0.00004093598748567858,
                        0.9993873595882201,
                        -0.03499862596632487
                    ],
                    [
                        -0.4966458894012114,
                        0.03035685326532885,
                        0.8674222282145571
                    ]
                ],
                "center": [
                    1.0953979658274243,
                    -0.01748513045255823,
                    0.19295505138270334
                ]
            }
        }
    ],
    "structure": [

    ],
    "control_points": []
}