{
    "sfm_data_version": "0.3",
    "root_path": "/home/edge/dist/a_new_project/data/collect/0",
    "views": [
        {
            "key": 0,
            "value": {
                "polymorphic_id": 1073741824,
                "ptr_wrapper": {
                    "id": 2147483649,
                    "data": {
                        "local_path": "",
                        "filename": "walking_all_frame_cam1.jpg",
                        "width": 1920,
                        "height": 1080,
                        "id_view": 0,
                        "id_intrinsic": 0,
                        "id_pose": 0
                    }
                }
            }
        },
        {
            "key": 1,
            "value": {
                "polymorphic_id": 1073741824,
                "ptr_wrapper": {
                    "id": 2147483650,
                    "data": {
                        "local_path": "",
                        "filename": "walking_all_frame_cam2.jpg",
                        "width": 1920,
                        "height": 1080,
                        "id_view": 1,
                        "id_intrinsic": 0,
                        "id_pose": 1
                    }
                }
            }
        },
        {
            "key": 2,
            "value": {
                "polymorphic_id": 1073741824,
                "ptr_wrapper": {
                    "id": 2147483651,
                    "data": {
                        "local_path": "",
                        "filename": "walking_all_frame_cam3.jpg",
                        "width": 1920,
                        "height": 1080,
                        "id_view": 2,
                        "id_intrinsic": 0,
                        "id_pose": 2
                    }
                }
            }
        },
        {
            "key": 3,
            "value": {
                "polymorphic_id": 1073741824,
                "ptr_wrapper": {
                    "id": 2147483652,
                    "data": {
                        "local_path": "",
                        "filename": "walking_all_frame_cam4.jpg",
                        "width": 1920,
                        "height": 1080,
                        "id_view": 3,
                        "id_intrinsic": 0,
                        "id_pose": 3
                    }
                }
            }
        },
        {
            "key": 4,
            "value": {
                "polymorphic_id": 1073741824,
                "ptr_wrapper": {
                    "id": 2147483653,
                    "data": {
                        "local_path": "",
                        "filename": "walking_all_frame_cam5.jpg",
                        "width": 1920,
                        "height": 1080,
                        "id_view": 4,
                        "id_intrinsic": 0,
                        "id_pose": 4
                    }
                }
            }
        }
    ],
    "intrinsics": [
        {
            "key": 0,
            "value": {
                "polymorphic_id": 2147483649,
                "polymorphic_name": "pinhole_radial_k3",
                "ptr_wrapper": {
                    "id": 2147483654,
                    "data": {
                        "width": 1920,
                        "height": 1080,
                        "focal_length": 2573.74101418868,
                        "principal_point": [
                            1003.4292834283402,
                            546.2331346997867
                        ],
                        "disto_k3": [
                            0.12919726835164775,
                            -0.03970195901483366,
                            -0.6054809328531414
                        ]
                    }
                }
            }
        }
    ],
    "extrinsics": [
        {
            "key": 0,
            "value": {
                "rotation": [
                    [
                        0.9996954575951604,
                        0.0073966401739982809,
                        -0.023543189625434517
                    ],
                    [
                        -0.007238811184268588,
                        0.9999508009219684,
                        0.0067819870357054379
                    ],
                    [
                        0.023592195239978854,
                        -0.0066094969286900578,
                        0.9996998163819519
                    ]
                ],
                "center": [
                    -0.022478364571058956,
                    0.016992251106084528,
                    -0.11363979428068552
                ]
            }
        },
        {
            "key": 1,
            "value": {
                "rotation": [
                    [
                        0.9943136081599484,
                        0.001628045617543358,
                        0.10647909698814975
                    ],
                    [
                        -0.002443409221123877,
                        0.9999686828275557,
                        0.007527490651035128
                    ],
                    [
                        -0.10646350726574214,
                        -0.007744858397058807,
                        0.9942864470508922
                    ]
                ],
                "center": [
                    0.2105086338885834,
                    0.017062161667719876,
                    -0.2706765912374418
                ]
            }
        },
        {
            "key": 2,
            "value": {
                "rotation": [
                    [
                        0.9811579686124233,
                        0.012788584388136295,
                        0.1927835385547493
                    ],
                    [
                        -0.017005477335259469,
                        0.999650621545868,
                        0.020234835891591017
                    ],
                    [
                        -0.19245740923368727,
                        -0.0231319465741031,
                        0.9810326491400528
                    ]
                ],
                "center": [
                    0.46290748840609949,
                    0.00448679115272563,
                    -0.23163462377349396
                ]
            }
        },
        {
            "key": 3,
            "value": {
                "rotation": [
                    [
                        0.9400303794319506,
                        -0.00486827935096799,
                        0.34105598602162659
                    ],
                    [
                        0.0013243171964480278,
                        0.9999426953846493,
                        0.010623188355935563
                    ],
                    [
                        -0.3410881585880492,
                        -0.009534453473767208,
                        0.9399829584987008
                    ]
                ],
                "center": [
                    0.8412337418155784,
                    0.017963942053859866,
                    -0.2534555503515663
                ]
            }
        },
        {
            "key": 4,
            "value": {
                "rotation": [
                    [
                        0.8723286523273989,
                        0.0053597897960774788,
                        0.48889057567313146
                    ],
                    [
                        0.0011839229443862394,
                        0.9999138215546218,
                        -0.013074700397855367
                    ],
                    [
                        -0.48891852148913908,
                        0.011984244547479295,
                        0.8722471308221658
                    ]
                ],
                "center": [
                    1.0998276039778595,
                    -0.02702648824910881,
                    0.17830943860012486
                ]
            }
        }
    ],
    "structure": [],
    "control_points": []
}