{
    "sfm_data_version": "0.3",
    "root_path": "/home/edge/dist/a_new_project/data/collect/400",
    "views": [
        {
            "key": 0,
            "value": {
                "polymorphic_id": 1073741824,
                "ptr_wrapper": {
                    "id": 2147483649,
                    "data": {
                        "local_path": "",
                        "filename": "0.jpg",
                        "width": 1920,
                        "height": 1080,
                        "id_view": 0,
                        "id_intrinsic": 0,
                        "id_pose": 0
                    }
                }
            }
        },
        {
            "key": 1,
            "value": {
                "polymorphic_id": 1073741824,
                "ptr_wrapper": {
                    "id": 2147483650,
                    "data": {
                        "local_path": "",
                        "filename": "1.jpg",
                        "width": 1920,
                        "height": 1080,
                        "id_view": 1,
                        "id_intrinsic": 0,
                        "id_pose": 1
                    }
                }
            }
        },
        {
            "key": 2,
            "value": {
                "polymorphic_id": 1073741824,
                "ptr_wrapper": {
                    "id": 2147483651,
                    "data": {
                        "local_path": "",
                        "filename": "2.jpg",
                        "width": 1920,
                        "height": 1080,
                        "id_view": 2,
                        "id_intrinsic": 0,
                        "id_pose": 2
                    }
                }
            }
        },
        {
            "key": 3,
            "value": {
                "polymorphic_id": 1073741824,
                "ptr_wrapper": {
                    "id": 2147483652,
                    "data": {
                        "local_path": "",
                        "filename": "3.jpg",
                        "width": 1920,
                        "height": 1080,
                        "id_view": 3,
                        "id_intrinsic": 0,
                        "id_pose": 3
                    }
                }
            }
        },
        {
            "key": 4,
            "value": {
                "polymorphic_id": 1073741824,
                "ptr_wrapper": {
                    "id": 2147483653,
                    "data": {
                        "local_path": "",
                        "filename": "4.jpg",
                        "width": 1920,
                        "height": 1080,
                        "id_view": 4,
                        "id_intrinsic": 0,
                        "id_pose": 4
                    }
                }
            }
        }
    ],
    "intrinsics": [
        {
            "key": 0,
            "value": {
                "polymorphic_id": 2147483649,
                "polymorphic_name": "pinhole_radial_k3",
                "ptr_wrapper": {
                    "id": 2147483654,
                    "data": {
                        "width": 1920,
                        "height": 1080,
                        "focal_length": 2638.257231688807,
                        "principal_point": [
                            1047.18354216425,
                            535.3155986293243
                        ],
                        "disto_k3": [
                            0.2911745465928166,
                            0.1570566712339674,
                            -0.9686219862826033
                        ]
                    }
                }
            }
        }
    ],
    "extrinsics": [
        {
            "key": 0,
            "value": {
                "rotation": [
                    [
                        0.9963685978362589,
                        0.011648247988832555,
                        -0.08434414955761885
                    ],
                    [
                        -0.011030520536655792,
                        0.9999088470584727,
                        0.007786218009161418
                    ],
                    [
                        0.08442715713855188,
                        -0.006827583246393493,
                        0.9964062621463776
                    ]
                ],
                "center": [
                    -0.1250133545872866,
                    0.007860361861854992,
                    -0.1354597707694498
                ]
            }
        },
        {
            "key": 1,
            "value": {
                "rotation": [
                    [
                        0.9998617579329292,
                        0.0016929985415512514,
                        0.01654082160023443
                    ],
                    [
                        -0.002052217137608284,
                        0.9997618929377031,
                        0.02172431436065864
                    ],
                    [
                        -0.016500103881266428,
                        -0.021755256504093848,
                        0.9996271581876658
                    ]
                ],
                "center": [
                    0.1197015608624338,
                    0.017786653541005116,
                    -0.26772783214488629
                ]
            }
        },
        {
            "key": 2,
            "value": {
                "rotation": [
                    [
                        0.9900734585032806,
                        0.03917680438785364,
                        0.13498046067971765
                    ],
                    [
                        -0.041822465762197658,
                        0.9989834725648504,
                        0.016819717591046284
                    ],
                    [
                        -0.13418430655230424,
                        -0.022297971661758805,
                        0.9907054922300818
                    ]
                ],
                "center": [
                    0.3693325746128546,
                    0.004294621352970256,
                    -0.31423787372005887
                ]
            }
        },
        {
            "key": 3,
            "value": {
                "rotation": [
                    [
                        0.9586902391288451,
                        0.014756704749477642,
                        0.2840691202225519
                    ],
                    [
                        -0.018256150344169686,
                        0.9997865285128856,
                        0.009675245669438039
                    ],
                    [
                        -0.28386570482129216,
                        -0.014461572151382794,
                        0.9587549867183072
                    ]
                ],
                "center": [
                    0.7639482942536219,
                    0.020336366826429063,
                    -0.3133484453446835
                ]
            }
        },
        {
            "key": 4,
            "value": {
                "rotation": [
                    [
                        0.9102480730792026,
                        0.04859125914548603,
                        0.41120230421321188
                    ],
                    [
                        -0.04837549364525536,
                        0.9987693278486778,
                        -0.010938069449331109
                    ],
                    [
                        -0.4112277435560209,
                        -0.009935757814920468,
                        0.9114784822728766
                    ]
                ],
                "center": [
                    1.1124163049284229,
                    -0.006305603441820774,
                    0.14201809534797264
                ]
            }
        }
    ],
    "structure": [

    ],
    "control_points": []
}